22222 33333 44444 5555 66 77777 11111111111111111111111 1111NEXT11111
  2   3       4   5  5    7     1                     1 1           1
  2   333     4   555  66 77777 1                     1 1           1
  2   3       4   5  5 66     7 1                     1 1           1
  2   33333   4   5  5 66 77777 1                     1 1111111111111
                                1                     1
                                1                     1
11111111111111111111111111111   1                     1
1                           1   1                     1
1                           1   1                     1
1  High Score :             1   1                     1
1  Score :                  1   1                     1
1                           1   1                     1
1  Lines :                  1   1                     1
1  Level :                  1   1                     1
1                           1   1                     1
1                           1   1                     1
1                           1   1                     1
1                           1   1                     1
1  Timer :                  1   1                     1
1                           1   1                     1
11111111111111111111111111111   1                     1
                                1                     1
                                1                     1
                                1                     1
                                11111111111111111111111
